H1: ((0, 0), (0, 3))
H2: ((0, 0), (0, 3), (0, 1), (0, 2), (0, 4), (0, 5))
H3: ((0, 0), (0, 3), (0, 1), (0, 2), (0, 4), (0, 5), (1, 0), (1, 1), (1, 2), (1, 3), (1, 4), (1, 5), (2, 0), (2, 1), (2, 2), (2, 3), (2, 4), (2, 5))
H4: ((0, 0), (0, 3), (1, 0), (1, 3), (2, 0), (2, 3))
H5: ((0, 0), (0, 3), (1, 1), (1, 4), (2, 2), (2, 5))
H6: ((0, 0), (0, 3), (1, 2), (1, 5), (2, 1), (2, 4))
H7: ((0, 0), (0, 2), (0, 4))
H8: ((0, 0), (0, 2), (0, 4), (1, 0), (1, 2), (1, 4), (2, 0), (2, 2), (2, 4))
H9: ((0, 0), (1, 0), (2, 0))
H10: ((0, 0), (1, 2), (2, 4))
H11: ((0, 0), (1, 4), (2, 2))
The total number of subgroups of the abelian group (ğ•«â‚˜ x ğ•«â‚™, +) is 11.
